 167715 170.0
 114556 161.0
 113633 186.0
 109305 68.0
 100679 79.0
  95762 234.0
  87796 249.0
  83928 164.0
  83115 113.0
  78677 107.0
  76773 230.0
  76702 246.0
  64073 90.0
  62193 114.0
  60456 162.0
  59092 48.0
  58802 100.0
  56510 231.0
  56413 137.0
  47985 158.0
  46655 237.0
  46149 163.0
  41925 144.0
  41680 211.0
  37513 236.0
  36609 148.0
  36323 233.0
  34638 229.0
  29227 142.0
  28253 141.0
  25897 13.0
  23126 224.0
  22400 125.0
  22241 239.0
  22166 50.0
  20016 87.0
  18797 263.0
  18422 140.0
  17737 238.0
  16988 138.0
  16367 4.0
  16191 143.0
  14063 232.0
  13967 43.0
  13420 262.0
  12019 132.0
  11368 261.0
   7901 75.0
   7341 88.0
   7095 209.0
   6829 33.0
   6624 181.0
   6618 255.0
   6277 151.0
   5712 256.0
   5704 7.0
   5582 45.0
   5431 41.0
   5277 145.0
   4352 74.0
   4324 42.0
   4156 66.0
   4088 166.0
   3996 112.0
   3517 97.0
   3479 25.0
   3421 1.0
   3310 264.0
   3249 65.0
   3229 80.0
   3223 49.0
   3146 244.0
   2915 226.0
   2604 61.0
   2592 116.0
   2583 24.0
   2566 40.0
   2528 223.0
   2375 37.0
   2339 52.0
   2286 129.0
   2259 243.0
   2060 189.0
   2020 17.0
   1849 179.0
   1681 225.0
   1671 265.0
   1466 14.0
   1424 89.0
   1360 36.0
   1295 146.0
   1198 95.0
   1107 152.0
   1078 188.0
   1039 228.0
    995 260.0
    961 127.0
    938 257.0
    928 12.0
    867 198.0
